20,20,1

35.518777848504136
45.342394917633165
47.919431649621366
55.85585585585586
60.43122969380723
77.49021588183311
111.01465002712969
81.78547634910062
114.23785594639867
0
0
0
0
0
0
0
0
0
91.9826165143114
68.49681955138935
46.23032311516156
44.82582341342292
50.159352782544744
54.818254889702594
56.121422693608864
75.02750275027503
79.57992998833139
99.75621647976598
98.9202256244964
112.06865072119774
117.65382403680276
0
0
0
0
133.63814500326583
66.56544843292485
39.8338633266273
34.481208920847145
32.047198872239335
40.9391049156273
41.08158757780604
46.77997103879278
51.2482257660516
51.2482257660516
51.026685510017465
60.12342051131355
91.9826165143114
106.0286750734151
94.18444069357066
100.60645795771187
105.08474576271186
123.82489408916688
99.75621647976598
79.57992998833139
70.12452873300583
42.5629290617849
34.888876257602455
36.39490068188556
37.31533831843881
39.17288914417002
42.107429512245325
39.96874389529205
37.79323933255342
36.507464462023435
33.40771784684048
34.181656178649
52.85455954533712
68.89662139409586
61.37386261373863
52.618945563651955
50.159352782544744
48.51023472694223
49.94710716901294
45.16888659945545
45.517241379310356
44.82582341342292
44.6562386322299
44.487932159165034
45.517241379310356
39.17288914417002
38.78672985781991
35.62597945324743
34.28092711533092
32.668050455053496
31.117870722433462
31.282809235003306
44.3208895949166
51.92454107097539
47.725682295311415
40.9391049156273
37.08089168126624
34.481208920847145
34.481208920847145
34.481208920847145
34.380776340110906
39.17288914417002
44.99670112161865
46.9661029918127
44.487932159165034
38.65969641619954
36.96476964769648
36.06133599670995
34.683844719443975
36.06133599670995
36.507464462023435
36.96476964769648
38.53349237240254
40.3789224393132
40.241264013636666
38.28354019834093
37.79323933255342
36.507464462023435
39.04331785509828
39.8338633266273
40.241264013636666
39.699890045922
44.155096755629096
47.725682295311415
47.725682295311415
40.79760717846461
40.9391049156273
41.95775514389227
41.95775514389227
42.71696012248591
42.107429512245325
43.18581580243439
43.6650778971331
44.3208895949166
43.02839116719243
42.87211007892715
43.6650778971331
43.6650778971331
41.661576053756875
44.82582341342292
44.99670112161865
45.6934415246036
46.23032311516156
47.34284612418049
47.725682295311415
43.50414628960238
44.6562386322299
46.23032311516156
46.23032311516156
45.6934415246036
46.41209829867675
45.871011135191694
46.23032311516156
46.23032311516156
46.23032311516156
45.342394917633165
46.23032311516156
46.9661029918127
46.9661029918127
46.9661029918127
47.53349337876559
47.725682295311415
47.725682295311415
44.82582341342292
48.51023472694223
40.79760717846461
46.9661029918127
48.11476052363409
45.871011135191694
46.23032311516156
46.23032311516156
47.53349337876559
46.41209829867675
46.9661029918127
46.9661029918127
46.9661029918127
45.871011135191694
46.77997103879278
46.9661029918127
47.725682295311415
46.04996623902769
47.53349337876559
47.725682295311415
47.725682295311415
46.23032311516156
45.517241379310356
46.9661029918127
46.9661029918127
47.919431649621366
46.595308585743574
46.9661029918127
47.725682295311415
48.51023472694223
47.725682295311415
48.311688311688314
48.51023472694223
48.51023472694223
49.11578778906938
48.91226392541239
49.32101245480113
50.373409930242104
49.32101245480113
49.11578778906938
48.311688311688314
48.51023472694223
42.87211007892715
47.53349337876559
47.725682295311415
46.9661029918127
44.99670112161865
47.34284612418049
50.373409930242104
54.065004844534485
52.85455954533712
55.85585585585586
55.85585585585586
56.121422693608864
53.574234092694425
56.66020492938245
57.76941176470589
56.66020492938245
54.56485020890745
54.56485020890745
50.373409930242104
48.51023472694223
44.155096755629096
47.15372205577322
46.9661029918127
46.9661029918127
46.9661029918127
47.725682295311415
50.159352782544744
73.62360561353005
84.11676031245719
81.2227074235808
94.18444069357066
94.18444069357066
100.60645795771187
91.27137546468401
108.96502751642109
105.08474576271186
94.94199535962878
55.07402422611036
50.159352782544744
48.51023472694223
46.41209829867675
45.6934415246036
46.77997103879278
46.9661029918127
47.15372205577322
47.919431649621366
48.71041980795175
72.27128223242671
100.60645795771187
127.8483649239742
0
0
0
0
0
0
0
56.121422693608864
49.32101245480113
48.311688311688314
42.5629290617849
47.725682295311415
47.725682295311415
46.9661029918127
46.9661029918127
46.77997103879278
48.51023472694223
73.62360561353005
123.82489408916688
0
0
0
0
0
0
0
0
54.818254889702594
45.871011135191694
48.311688311688314
47.34284612418049
47.725682295311415
47.725682295311415
47.15372205577322
47.725682295311415
46.9661029918127
46.23032311516156
51.697127937336816
91.27137546468401
100.60645795771187
0
0
0
0
0
0
0
52.85455954533712
48.311688311688314
48.51023472694223
44.99670112161865
46.595308585743574
46.9661029918127
47.53349337876559
47.725682295311415
44.82582341342292
44.82582341342292
45.6934415246036
91.27137546468401
105.08474576271186
127.8483649239742
0
0
0
0
0
139.97719498289624
53.09229305423406
49.32101245480113
49.32101245480113
42.41000483659227
47.725682295311415
46.9661029918127
48.71041980795175
47.15372205577322
47.53349337876559
47.725682295311415
48.51023472694223
80.12008876125833
133.63814500326583
127.8483649239742
0
0
0
0
0
0
57.20943237953212
48.71041980795175
49.11578778906938
46.41209829867675
48.51023472694223
48.311688311688314
48.11476052363409
48.51023472694223
48.51023472694223
45.6934415246036
49.11578778906938
73.62360561353005
105.08474576271186
120.04693917465283
0
0
0
0
0
0
60.12342051131355
51.2482257660516
51.2482257660516
46.77997103879278
50.159352782544744
51.2482257660516
52.15396380321183
52.85455954533712
53.09229305423406
53.818500657606315
54.818254889702594
77.49021588183311
0
138.33671399594323
0
0
0
0
0
0
73.62360561353005
58.053532582994436
61.37386261373863
57.20943237953212
55.85585585585586
68.49681955138935
71.39699895312319
77.49021588183311
84.11676031245719
91.9826165143114
93.43887958593393
117.65382403680276
133.63814500326583
0
0
0
0
0
0
0
0
0
0
